149
158
146
156
120
143
132
122
152
142
143
144
123
150
134
158
130
156
123
136
145
125
122
159
158
143
148
156
149
156
159
145
140
124
148
151
135
140
155
153
144
143
138
153
129
153
126
143
130
158
139
158
145
133
142
141
160
126
122
144
145
157
149
142
157
146
159
141
126
150
134
120
144
149
125
123
153
130
146
129
143
125
158
134
132
141
155
158
143
132
125
131
130
122
123
151
147
127
129
126
127
126
136
151
139
144
143
138
122
122
129
143
122
135
131
129
143
104
149
166
130
117
168
159
137
102
110
170
159
107
131
140
159
119
139
125
161
114
131
105
149
126
170
164
127
106
167
111
129
112
103
122
151
139
150
123
158
137
129
108
137
102
152
157
142
159
137
165
115
144
105
132
160
109
168
139
102
123
144
169
105
134
125
147
133
153
144
168
107
145
156
128
121
163
152
134
151
156
135
124
130
170
126
167
151
146
151
124
103
139
130
157
113
121
105
166
121
169
118
122
121
105
106
135
138
107
163
136
140
153
126
150
116
109
146
139
114
166
162
137
147
146
162
139
163
143
136
136
169
115
116
104
133
115
101
137
165
139
101
132
152
132
167
156
126
128
129
130
136
133
143
154
156
163
112
146
117
124
159
130
150
161
110
163
136
128
143
127
131
103
150
125
105
111
106
141
105
164
154
121
119
117
146
120
159
109
158
134
102
132
128
158
155
147
113
157
138